{"name":"H. Multiplication Table","group":"Codeforces - School Team Contest 1 (Winter Computer School 2010/11)","url":"https://codeforces.com/contest/39/problem/H","interactive":false,"memoryLimit":64,"timeLimit":2000,"tests":[{"input":"10\n","output":"1  2  3  4  5  6  7  8  9\n2  4  6  8 10 12 14 16 18\n3  6  9 12 15 18 21 24 27\n4  8 12 16 20 24 28 32 36\n5 10 15 20 25 30 35 40 45\n6 12 18 24 30 36 42 48 54\n7 14 21 28 35 42 49 56 63\n8 16 24 32 40 48 56 64 72\n9 18 27 36 45 54 63 72 81\n","id":1725522465354},{"id":1725522465419,"input":"3\n","output":"1  2\n2 11\n"}],"testType":"single","input":{"type":"stdin"},"output":{"type":"stdout"},"languages":{"java":{"mainClass":"Main","taskClass":"HMultiplicationTable"}},"batch":{"id":"5b7210c7-2af0-4ea6-99fa-819f42dd9afc","size":1},"srcPath":"f:\\Codeforces\\H_Multiplication_Table.cpp"}